137
1 808 1161 1766 2993 2869 3092 3473 3240 3788 3071 5034 4989 5053 5005 5482 5536 3186 3326 4153 4213 4722 4894 4204 4962 4533 4959 5313 4270 4409 4685 4948 5222 5525 5887 4792 4917 5145 5517 6048 5036 5336 5309 5860 5458 5519 5558 5597 6309 6835 7008 5654 6063 6151 6596 6501 6583 6851 6919 6939 7097 7179 7207 7005 7419 7642 7785 7811 8049 8359 8621 7033 7195 7592 7768 7871 7965 8100 8684 8893 9084 8668 10009 9816 9609 8908 8723 8576 9047 9274 9309 9276 9627 9775 9786 10187 10443 10927 11259 11578 11708 12022 12117 12378 13388 13656 15372 15667 14221 14315 14040 13936 13687 13403 13394 12891 12999 13728 13564 13314 13210 13261 12988 12924 12605 12042 12397 12351 12375 11966 11714 11390 11394 11073 10817 10591 11047
808 1 419 1007 2257 2280 2463 2943 2710 3338 2804 4722 4736 4827 4819 5361 5564 2447 2631 3384 3437 3960 4135 3515 4240 3902 4287 4629 3842 3949 4161 4422 4641 4935 5296 4374 4492 4662 5013 5511 4668 4986 4896 5409 5230 5242 5262 5270 5867 6382 6583 4961 5380 5495 5948 5826 5886 6183 6257 6292 6414 6523 6588 6429 6842 7032 7184 7230 7470 7793 8096 6542 6726 7157 7312 7468 7590 7769 8393 8612 8768 8272 9776 9552 9313 8527 8290 8109 8551 8788 8793 8614 9076 9218 9216 9674 9859 10347 10721 11032 11195 11554 11615 11814 12781 13016 14670 15053 13656 13798 13555 13430 13169 12860 12804 12361 12552 13325 13206 12961 12900 12998 12736 12669 12218 11663 12094 12069 12229 11896 11651 11293 11233 10906 10601 10227 10612
1161 419 1 920 2132 2309 2451 2999 2772 3440 3020 4881 4926 5028 5039 5605 5864 2312 2547 3188 3228 3770 3948 3420 4099 3859 4201 4526 3948 4033 4198 4454 4629 4914 5270 4478 4591 4721 5054 5525 4798 5123 4997 5482 5427 5415 5424 5415 5940 6445 6662 4846 5273 5413 5870 5725 5761 6084 6165 6211 6301 6434 6530 6407 6816 6979 7138 7199 7438 7769 8099 6579 6776 7225 7366 7554 7691 7893 8535 8758 8895 8357 9941 9703 9448 8619 8352 8152 8573 8813 8798 8509 9057 9193 9181 9678 9812 10300 10702 11006 11191 11577 11614 11771 12700 12909 14500 14951 13601 13773 13553 13415 13149 12825 12736 12338 12582 13375 13283 13043 13006 13127 12873 12805 12284 11738 12208 12195 12422 12125 11885 11513 11424 11096 10770 10318 10660
1766 1007 920 1 1252 1406 1532 2102 1881 2570 2305 4052 4133 4249 4288 4887 5258 1441 1640 2388 2447 2960 3134 2521 3234 2942 3299 3633 3077 3145 3287 3541 3709 3994 4351 3602 3709 3816 4142 4606 3940 4269 4115 4581 4637 4596 4593 4568 5039 5538 5762 3961 4384 4510 4966 4832 4884 5190 5268 5308 5417 5536 5618 5488 5898 6067 6223 6282 6521 6850 7180 5664 5865 6320 6455 6655 6800 7018 7671 7897 8018 7456 9092 8842 8576 7722 7443 7237 7654 7895 7878 7621 8138 8275 8265 8758 8899 9388 9783 10089 10271 10657 10695 10858 11801 12024 13664 14065 12693 12856 12633 12497 12232 11911 11831 11420 11663 12459 12373 12135 12108 12242 11994 11926 11373 10830 11316 11310 11592 11339 11106 10719 10597 10269 9922 9418 9745
2993 2257 2132 1252 1 822 674 1329 1203 1867 2145 3363 3544 3691 3795 4434 5011 195 460 1197 1278 1741 1908 1293 1983 1781 2073 2394 2310 2299 2292 2518 2585 2847 3191 2775 2856 2846 3113 3508 3164 3490 3241 3609 4030 3908 3873 3798 4053 4515 4767 2716 3142 3284 3742 3593 3636 3952 4033 4082 4172 4303 4410 4321 4723 4862 5024 5098 5336 5672 6034 4588 4810 5292 5398 5656 5830 6096 6774 7004 7078 6440 8215 7937 7643 6715 6385 6148 6528 6774 6730 6378 6959 7090 7071 7603 7691 8179 8598 8897 9098 9512 9524 9649 10568 10781 12413 12823 11473 11657 11453 11307 11037 10706 10605 10226 10519 11333 11283 11054 11063 11234 11004 10935 10279 9754 10297 10311 10725 10569 10355 9943 9749 9427 9035 8386 8640
2869 2280 2309 1406 822 1 282 698 487 1194 1324 2708 2839 2974 3054 3685 4215 911 711 1776 1883 2204 2338 1429 2241 1668 2124 2491 1691 1744 1891 2149 2366 2664 3027 2207 2310 2413 2746 3233 2562 2893 2716 3176 3339 3258 3241 3197 3634 4136 4357 2839 3227 3291 3730 3652 3762 3996 4059 4073 4252 4316 4339 4155 4569 4776 4923 4959 5198 5517 5817 4274 4468 4917 5058 5251 5396 5618 6277 6504 6617 6052 7705 7448 7177 6317 6043 5846 6277 6515 6514 6412 6798 6942 6943 7396 7592 8079 8443 8755 8916 9282 9336 9541 10528 10788 12514 12808 11386 11519 11276 11151 10890 10584 10542 10082 10283 11070 10974 10734 10704 10838 10591 10522 9976 9430 9911 9906 10214 9994 9769 9370 9221 8895 8534 8014 8354
3092 2463 2451 1532 674 282 1 668 529 1205 1528 2715 2880 3024 3124 3762 4341 711 447 1505 1614 1923 2057 1158 1967 1445 1875 2238 1670 1687 1765 2014 2183 2474 2834 2162 2254 2306 2616 3074 2538 2867 2653 3075 3371 3264 3236 3174 3530 4019 4252 2584 2981 3060 3505 3412 3511 3760 3827 3849 4011 4088 4129 3969 4381 4572 4723 4769 5008 5333 5651 4134 4338 4800 4929 5146 5303 5543 6212 6441 6537 5943 7648 7381 7100 6212 5918 5707 6122 6363 6349 6185 6619 6759 6754 7230 7397 7885 8264 8573 8746 9126 9168 9352 10324 10573 12282 12601 11194 11341 11109 10977 10714 10400 10343 9903 10131 10927 10846 10609 10592 10740 10498 10430 9844 9304 9808 9810 10160 9969 9749 9344 9174 8849 8474 7903 8214
3473 2943 2999 2102 1329 698 668 1 235 539 1147 2048 2216 2362 2471 3110 3730 1326 977 1870 1987 2132 2222 1212 1985 1192 1715 2084 1007 1047 1220 1483 1761 2067 2427 1514 1614 1724 2070 2580 1878 2209 2019 2483 2704 2597 2571 2515 2942 3449 3664 2429 2771 2781 3195 3163 3314 3487 3539 3532 3761 3782 3759 3534 3947 4183 4321 4340 4577 4887 5162 3599 3786 4228 4374 4557 4699 4921 5581 5809 5920 5359 7011 6752 6480 5622 5357 5168 5610 5846 5857 5862 6158 6305 6314 6738 6971 7455 7797 8113 8261 8612 8677 8909 9917 10196 11956 12195 10753 10868 10616 10496 10239 9942 9921 9435 9610 10389 10286 10045 10010 10141 9894 9825 9289 8741 9216 9209 9521 9314 9091 8689 8531 8204 7840 7321 7673
3240 2710 2772 1881 1203 487 529 235 1 709 1078 2225 2369 2509 2601 3237 3814 1231 916 1896 2012 2216 2321 1326 2124 1386 1897 2268 1205 1265 1455 1717 1989 2294 2656 1724 1829 1955 2304 2815 2076 2407 2235 2711 2865 2775 2756 2711 3170 3679 3891 2615 2970 2993 3413 3372 3513 3700 3754 3752 3971 4001 3986 3766 4180 4412 4551 4572 4810 5121 5397 3833 4018 4457 4606 4783 4922 5138 5794 6021 6138 5586 7221 6965 6697 5848 5587 5401 5844 6079 6091 6085 6392 6539 6548 6972 7204 7688 8031 8347 8495 8845 8912 9142 10150 10426 12182 12428 10987 11103 10850 10730 10474 10176 10155 9669 9843 10620 10515 10274 10235 10363 10114 10046 9520 8970 9439 9431 9728 9509 9283 8884 8736 8409 8050 7547 7905
3788 3338 3440 2570 1867 1194 1205 539 709 1 1008 1517 1677 1825 1938 2578 3226 1858 1501 2298 2415 2465 2524 1532 2203 1290 1820 2163 509 621 964 1215 1606 1904 2245 1040 1155 1360 1741 2295 1372 1702 1561 2079 2167 2067 2048 2005 2534 3055 3247 2484 2763 2710 3081 3106 3299 3399 3434 3402 3686 3656 3572 3287 3694 3971 4093 4085 4317 4609 4839 3245 3409 3823 3988 4131 4256 4455 5102 5328 5456 4934 6523 6273 6011 5190 4957 4793 5259 5487 5524 5688 5854 6006 6028 6399 6692 7170 7476 7796 7921 8243 8330 8603 9639 9941 11732 11904 10440 10528 10258 10149 9900 9618 9630 9104 9231 9991 9868 9624 9572 9688 9434 9366 8880 8325 8770 8756 9027 8801 8575 8177 8033 7706 7353 6891 7283
3071 2804 3020 2305 2145 1324 1528 1147 1078 1008 1 1964 1938 2023 2020 2593 2973 2228 1964 2973 3089 3276 3369 2359 3117 2256 2792 3148 1342 1536 1953 2188 2606 2900 3230 1804 1934 2256 2649 3221 1986 2272 2295 2879 2427 2457 2490 2527 3305 3833 3975 3478 3769 3717 4080 4113 4306 4402 4434 4395 4691 4649 4542 4224 4620 4923 5035 5006 5232 5503 5682 4076 4204 4561 4754 4817 4900 5030 5623 5837 6017 5608 6982 6770 6548 5842 5682 5564 6060 6274 6346 6652 6709 6866 6901 7205 7569 8035 8296 8620 8710 8983 9104 9434 10496 10822 12634 12729 11247 11294 10999 10909 10673 10416 10471 9897 9943 10659 10494 10245 10151 10222 9954 9888 9535 8973 9338 9301 9426 9107 8866 8497 8429 8102 7803 7521 7994
5034 4722 4881 4052 3363 2708 2715 2048 2225 1517 1964 1 353 506 730 1264 2111 3330 2960 3539 3646 3500 3487 2682 3041 2167 2520 2713 1056 1111 1384 1369 1799 1939 2096 694 702 1079 1318 1796 333 362 664 1185 693 550 544 565 1497 1993 2076 2905 2966 2756 2930 3112 3387 3269 3254 3151 3556 3382 3127 2698 3027 3400 3464 3374 3569 3781 3862 2301 2367 2652 2866 2874 2941 3067 3673 3891 4058 3653 5061 4831 4596 3882 3748 3664 4181 4379 4485 5097 4885 5046 5101 5315 5763 6206 6409 6733 6794 7039 7176 7549 8629 8983 10807 10816 9330 9353 9048 8967 8738 8498 8588 7978 7987 8696 8532 8283 8195 8278 8015 7948 7572 7009 7383 7352 7546 7294 7065 6671 6549 6221 5890 5558 6042
4989 4736 4926 4133 3544 2839 2880 2216 2369 1677 1938 353 1 167 379 955 1772 3528 3163 3812 3922 3806 3802 2961 3365 2471 2849 3054 1273 1373 1699 1706 2146 2291 2446 1009 1038 1428 1668 2131 683 656 1010 1496 505 541 611 734 1758 2225 2269 3253 3318 3108 3274 3461 3737 3611 3594 3487 3897 3714 3446 3005 3318 3699 3754 3652 3837 4031 4075 2554 2592 2828 3054 3009 3048 3129 3696 3906 4100 3765 5045 4834 4620 3977 3889 3835 4361 4547 4673 5377 5088 5250 5313 5481 5969 6399 6572 6895 6935 7151 7306 7708 8795 9161 10983 10947 9462 9463 9148 9076 8856 8631 8745 8112 8079 8762 8579 8329 8223 8286 8018 7952 7638 7074 7410 7368 7499 7210 6975 6593 6501 6174 5867 5624 6147
5053 4827 5028 4249 3691 2974 3024 2362 2509 1825 2023 506 167 1 231 789 1608 3679 3316 3976 4087 3973 3968 3127 3531 2638 3015 3216 1433 1538 1865 1870 2305 2442 2586 1175 1201 1584 1809 2254 839 771 1149 1602 406 536 633 790 1832 2278 2300 3410 3467 3250 3403 3598 3877 3739 3718 3607 4022 3830 3550 3102 3402 3789 3836 3726 3906 4087 4109 2616 2639 2847 3078 3007 3031 3090 3636 3842 4048 3746 4965 4763 4559 3950 3885 3847 4376 4556 4692 5450 5115 5277 5345 5487 5996 6419 6574 6896 6926 7127 7291 7707 8796 9168 10987 10928 9445 9435 9115 9048 8832 8616 8741 8097 8043 8714 8523 8272 8158 8213 7942 7877 7591 7027 7345 7299 7404 7101 6864 6486 6407 6080 5784 5580 6120
5005 4819 5039 4288 3795 3054 3124 2471 2601 1938 2020 730 379 231 1 640 1400 3795 3437 4140 4252 4159 4161 3297 3730 2826 3219 3430 1586 1710 2063 2081 2524 2668 2816 1378 1413 1806 2039 2484 1061 1001 1379 1829 498 715 827 1000 2044 2474 2480 3631 3694 3480 3634 3829 4108 3969 3948 3836 4252 4058 3775 3324 3617 4006 4050 3935 4110 4283 4287 2819 2830 3013 3249 3151 3159 3191 3709 3908 4130 3871 5004 4816 4627 4064 4025 4004 4536 4708 4855 5656 5284 5446 5518 5635 6165 6579 6717 7038 7056 7239 7413 7846 8936 9315 11129 11042 9564 9541 9214 9154 8943 8737 8876 8220 8141 8794 8591 8341 8214 8257 7984 7919 7673 7111 7403 7350 7414 7087 6846 6478 6420 6094 5815 5669 6231
5482 5361 5605 4887 4434 3685 3762 3110 3237 2578 2593 1264 955 789 640 1 900 4435 4077 4764 4875 4758 4749 3916 4305 3423 3783 3964 2216 2327 2645 2629 3041 3144 3238 1954 1966 2317 2481 2840 1588 1422 1835 2155 655 958 1082 1283 2246 2578 2507 4134 4148 3905 3996 4225 4514 4319 4283 4155 4588 4357 4030 3558 3795 4197 4213 4069 4214 4337 4259 2942 2894 2966 3212 3019 2974 2925 3354 3533 3791 3660 4557 4399 4247 3816 3861 3899 4431 4575 4758 5754 5208 5368 5456 5476 6076 6457 6531 6845 6824 6953 7155 7635 8724 9121 10910 10741 9282 9221 8880 8838 8644 8467 8648 7958 7807 8413 8186 7936 7785 7801 7523 7461 7305 6749 6980 6914 6899 6536 6291 5936 5913 5592 5347 5332 5947
5536 5564 5864 5258 5011 4215 4341 3730 3814 3226 2973 2111 1772 1608 1400 900 1 5043 4706 5497 5611 5550 5557 4669 5130 4220 4619 4823 2950 3095 3462 3477 3909 4029 4135 2778 2808 3185 3372 3740 2443 2311 2720 3055 1554 1857 1982 2182 3126 3417 3310 5011 5040 4802 4895 5125 5413 5217 5180 5049 5484 5246 4911 4435 4649 5053 5057 4901 5029 5120 4985 3784 3707 3708 3955 3691 3597 3462 3751 3891 4192 4229 4747 4652 4568 4337 4474 4568 5088 5202 5416 6551 5877 6033 6134 6057 6720 7063 7065 7365 7297 7352 7589 8124 9196 9612 11344 11062 9653 9538 9180 9165 8999 8866 9100 8375 8124 8644 8377 8133 7939 7903 7621 7564 7575 7039 7159 7069 6887 6436 6183 5876 5942 5637 5473 5690 6368
3186 2447 2312 1441 195 911 711 1326 1231 1858 2228 3330 3528 3679 3795 4435 5043 1 372 1007 1091 1547 1714 1128 1795 1643 1905 2218 2275 2246 2200 2416 2453 2706 3044 2719 2792 2755 3004 3378 3115 3437 3169 3510 4005 3870 3828 3743 3949 4401 4658 2535 2963 3113 3572 3415 3452 3775 3857 3910 3991 4128 4245 4168 4568 4697 4861 4940 5177 5515 5885 4460 4687 5174 5273 5543 5723 5998 6680 6910 6974 6321 8121 7838 7539 6598 6257 6013 6384 6630 6580 6198 6800 6929 6907 7449 7523 8010 8436 8732 8939 9359 9366 9479 10390 10599 12224 12641 11299 11489 11290 11142 10871 10537 10430 10061 10366 11183 11141 10914 10931 11109 10882 10813 10137 9616 10170 10189 10627 10489 10279 9864 9657 9337 8938 8260 8498
3326 2631 2547 1640 460 711 447 977 916 1501 1964 2960 3163 3316 3437 4077 4706 372 1 1065 1172 1518 1665 885 1644 1330 1659 1999 1906 1874 1839 2061 2129 2396 2743 2348 2421 2393 2654 3051 2744 3066 2800 3153 3638 3499 3457 3372 3596 4056 4309 2333 2750 2871 3327 3196 3261 3553 3629 3669 3785 3897 3984 3877 4282 4434 4593 4660 4899 5233 5586 4130 4352 4833 4940 5197 5372 5641 6321 6551 6621 5981 7762 7482 7186 6256 5927 5692 6077 6322 6283 5985 6521 6654 6639 7158 7266 7754 8163 8464 8659 9066 9085 9225 10161 10387 12053 12427 11056 11229 11018 10875 10607 10280 10193 9795 10073 10884 10829 10599 10606 10775 10545 10476 9825 9298 9838 9852 10271 10124 9912 9498 9297 8976 8581 7927 8187
4153 3384 3188 2388 1197 1776 1505 1870 1896 2298 2973 3539 3812 3976 4140 4764 5497 1007 1065 1 118 583 763 859 1022 1427 1377 1562 2555 2440 2194 2321 2152 2317 2588 2854 2883 2691 2814 3025 3256 3538 3185 3356 4230 4028 3955 3824 3739 4105 4390 1804 2231 2451 2896 2677 2649 3033 3128 3212 3205 3399 3594 3623 3990 4041 4214 4330 4556 4901 5325 4077 4327 4832 4882 5225 5438 5764 6452 6679 6683 5952 7870 7564 7239 6234 5832 5547 5847 6095 5999 5393 6156 6270 6229 6838 6806 7286 7755 8033 8274 8735 8700 8739 9585 9757 11313 11793 10517 10745 10582 10419 10144 9794 9641 9343 9729 10560 10565 10354 10416 10634 10434 10366 9575 9087 9703 9746 10320 10284 10099 9671 9397 9090 8654 7817 7949
4213 3437 3228 2447 1278 1883 1614 1987 2012 2415 3089 3646 3922 4087 4252 4875 5611 1091 1172 118 1 561 740 964 1051 1522 1440 1601 2668 2549 2295 2415 2230 2385 2645 2959 2986 2785 2897 3092 3360 3639 3282 3440 4336 4131 4057 3923 3816 4173 4460 1827 2249 2480 2919 2690 2648 3043 3140 3230 3205 3410 3618 3663 4024 4062 4236 4357 4581 4926 5357 4135 4387 4892 4937 5287 5503 5834 6520 6747 6745 6007 7935 7626 7300 6289 5880 5591 5881 6128 6027 5384 6174 6286 6241 6859 6811 7289 7764 8039 8285 8752 8710 8737 9570 9735 11274 11767 10506 10740 10584 10418 10143 9791 9629 9344 9743 10575 10587 10378 10446 10669 10472 10404 9600 9117 9740 9786 10375 10350 10167 9739 9458 9153 8714 7859 7978
4722 3960 3770 2960 1741 2204 1923 2132 2216 2465 3276 3500 3806 3973 4159 4758 5550 1547 1518 583 561 1 181 936 575 1335 1068 1129 2612 2456 2116 2177 1898 1995 2210 2806 2808 2538 2579 2686 3190 3436 3050 3115 4175 3941 3853 3699 3453 3763 4056 1304 1713 1963 2390 2147 2092 2495 2594 2691 2649 2862 3087 3165 3511 3527 3702 3832 4051 4395 4839 3690 3946 4452 4477 4851 5077 5424 6105 6328 6304 5544 7499 7184 6851 5825 5399 5099 5366 5612 5499 4823 5632 5740 5693 6322 6256 6733 7212 7485 7735 8207 8159 8178 9010 9178 10731 11211 9946 10180 10026 9859 9584 9231 9069 8787 9194 10027 10047 9842 9919 10151 9961 9893 9065 8590 9226 9278 9904 9914 9742 9311 9008 8711 8261 7360 7451
4894 4135 3948 3134 1908 2338 2057 2222 2321 2524 3369 3487 3802 3968 4161 4749 5557 1714 1665 763 740 181 1 1012 480 1338 1004 1010 2636 2470 2104 2144 1832 1903 2096 2796 2789 2496 2510 2582 3171 3404 3010 3041 4154 3910 3819 3658 3363 3653 3948 1153 1553 1812 2231 1980 1917 2326 2426 2526 2474 2693 2927 3019 3357 3363 3538 3672 3890 4234 4682 3566 3823 4327 4345 4728 4958 5310 5989 6210 6177 5410 7373 7056 6720 5690 5257 4953 5210 5456 5338 4645 5464 5571 5521 6156 6081 6557 7039 7310 7563 8037 7987 8001 8830 8997 10553 11031 9766 10002 9850 9682 9407 9053 8889 8610 9023 9855 9879 9676 9756 9992 9804 9737 8899 8428 9069 9123 9763 9786 9618 9187 8876 8581 8128 7210 7289
4204 3515 3420 2521 1293 1429 1158 1212 1326 1532 2359 2682 2961 3127 3297 3916 4669 1128 885 859 964 936 1012 1 815 595 781 1115 1720 1590 1338 1480 1387 1609 1932 1995 2025 1849 2011 2304 2397 2681 2334 2547 3372 3169 3098 2969 2955 3363 3636 1451 1866 1993 2451 2313 2380 2670 2747 2791 2901 3016 3119 3046 3443 3571 3734 3813 4050 4388 4765 3383 3621 4118 4197 4501 4698 5002 5690 5920 5951 5260 7124 6827 6514 5540 5173 4915 5269 5516 5458 5101 5673 5802 5780 6325 6399 6887 7309 7606 7812 8235 8239 8357 9282 9504 11171 11544 10182 10364 10163 10016 9746 9414 9316 8935 9241 10060 10025 9801 9830 10020 9802 9733 9023 8509 9082 9109 9608 9525 9330 8905 8659 8346 7925 7175 7384
4962 4240 4099 3234 1983 2241 1967 1985 2124 2203 3117 3041 3365 3531 3730 4305 5130 1795 1644 1022 1051 575 480 815 1 941 531 559 2246 2064 1668 1684 1353 1426 1636 2356 2340 2029 2031 2113 2720 2941 2542 2561 3699 3448 3353 3189 2886 3189 3482 784 1214 1430 1875 1665 1665 2024 2115 2194 2214 2387 2573 2614 2973 3020 3192 3309 3535 3879 4307 3118 3373 3879 3909 4278 4503 4849 5531 5754 5732 4977 6926 6613 6280 5259 4839 4545 4830 5078 4978 4419 5136 5252 5213 5816 5798 6282 6741 7023 7258 7715 7684 7741 8616 8811 10431 10853 9538 9751 9577 9418 9144 8799 8664 8339 8711 9541 9544 9333 9396 9619 9422 9354 8553 8067 8689 8736 9341 9342 9168 8738 8438 8139 7692 6812 6929
4533 3902 3859 2942 1781 1668 1445 1192 1386 1290 2256 2167 2471 2638 2826 3423 4220 1643 1330 1427 1522 1335 1338 595 941 1 537 897 1308 1133 787 894 812 1067 1415 1473 1482 1265 1416 1737 1863 2126 1761 1952 2847 2624 2545 2404 2362 2780 3049 1238 1584 1625 2063 1993 2127 2331 2392 2407 2594 2648 2686 2551 2958 3131 3284 3341 3580 3911 4257 2820 3051 3544 3634 3921 4113 4412 5099 5329 5367 4689 6535 6241 5931 4968 4617 4371 4748 4994 4955 4745 5199 5335 5324 5830 5960 6449 6843 7148 7335 7737 7760 7918 8880 9129 10847 11157 9757 9915 9696 9557 9291 8970 8902 8479 8745 9555 9503 9274 9288 9468 9244 9175 8499 7975 8530 8551 9025 8933 8736 8313 8071 7756 7340 6620 6860
4959 4287 4201 3299 2073 2124 1875 1715 1897 1820 2792 2520 2849 3015 3219 3783 4619 1905 1659 1377 1440 1068 1004 781 531 537 1 372 1783 1587 1162 1157 831 947 1215 1841 1818 1499 1512 1653 2196 2412 2012 2048 3172 2919 2823 2659 2394 2734 3022 721 1106 1213 1670 1543 1638 1897 1971 2011 2138 2238 2340 2291 2679 2792 2957 3043 3278 3619 4009 2702 2951 3456 3509 3849 4064 4396 5082 5308 5307 4579 6496 6188 5863 4860 4467 4192 4521 4768 4697 4328 4900 5026 5002 5558 5618 6106 6532 6827 7038 7468 7465 7576 8503 8730 10413 10768 9401 9584 9386 9237 8966 8633 8536 8156 8473 9295 9271 9051 9091 9294 9085 9016 8271 7766 8358 8394 8945 8910 8728 8299 8021 7715 7278 6461 6635
5313 4629 4526 3633 2394 2491 2238 2084 2268 2163 3148 2713 3054 3216 3430 3964 4823 2218 1999 1562 1601 1129 1010 1115 559 897 372 1 2076 1869 1416 1349 927 919 1086 2060 2017 1648 1571 1576 2381 2559 2148 2078 3332 3061 2957 2779 2368 2643 2938 350 752 906 1363 1200 1274 1559 1640 1696 1787 1911 2052 2063 2431 2504 2673 2777 3007 3351 3766 2562 2818 3323 3351 3723 3950 4301 4980 5202 5176 4419 6370 6056 5723 4700 4282 3991 4286 4534 4444 3988 4621 4742 4710 5292 5313 5799 6241 6530 6753 7197 7179 7266 8174 8391 10059 10432 9082 9277 9089 8935 8663 8324 8212 7854 8198 9025 9016 8801 8857 9073 8873 8805 8022 7528 8142 8185 8783 8785 8613 8183 7881 7582 7134 6259 6392
4270 3842 3948 3077 2310 1691 1670 1007 1205 509 1342 1056 1273 1433 1586 2216 2950 2275 1906 2555 2668 2612 2636 1720 2246 1308 1783 2076 1 219 687 879 1339 1609 1916 532 651 916 1309 1880 872 1203 1055 1591 1734 1599 1567 1508 2040 2566 2747 2359 2568 2461 2784 2857 3081 3116 3138 3085 3410 3338 3208 2883 3280 3583 3693 3667 3895 4172 4376 2774 2926 3327 3498 3627 3749 3946 4595 4821 4947 4431 6018 5766 5503 4685 4461 4306 4782 5006 5054 5314 5398 5553 5581 5925 6248 6720 7008 7330 7443 7754 7849 8140 9187 9501 11306 11442 9970 10047 9771 9666 9420 9145 9172 8629 8737 9492 9364 9120 9065 9179 8926 8858 8378 7822 8262 8247 8524 8307 8084 7683 7531 7204 6847 6385 6787
4409 3949 4033 3145 2299 1744 1687 1047 1265 621 1536 1111 1373 1538 1710 2327 3095 2246 1874 2440 2549 2456 2470 1590 2064 1133 1587 1869 219 1 470 664 1121 1393 1705 477 568 743 1129 1694 870 1193 972 1462 1802 1633 1585 1499 1919 2437 2635 2146 2350 2243 2570 2639 2863 2901 2924 2874 3194 3127 3006 2694 3096 3389 3504 3485 3715 3999 4220 2625 2790 3209 3370 3524 3658 3875 4535 4762 4874 4328 5966 5706 5433 4587 4342 4174 4639 4867 4904 5117 5238 5391 5414 5779 6080 6556 6857 7177 7300 7624 7709 7985 9024 9332 11130 11286 9820 9907 9638 9529 9279 8998 9013 8484 8613 9377 9261 9018 8973 9099 8849 8781 8269 7717 8176 8166 8477 8283 8065 7658 7489 7163 6794 6287 6667
4685 4161 4198 3287 2292 1891 1765 1220 1455 964 1953 1384 1699 1865 2063 2645 3462 2200 1839 2194 2295 2116 2104 1338 1668 787 1162 1416 687 470 1 264 661 948 1282 692 696 555 856 1364 1077 1345 1002 1319 2061 1840 1763 1631 1769 2254 2490 1681 1881 1783 2129 2180 2397 2454 2483 2443 2745 2697 2609 2338 2748 3012 3138 3141 3376 3678 3943 2384 2579 3036 3169 3383 3546 3804 4483 4713 4789 4179 5924 5646 5354 4449 4157 3956 4391 4628 4637 4725 4943 5091 5104 5518 5764 6246 6579 6896 7041 7394 7457 7694 8712 9003 10783 10987 9537 9649 9396 9276 9020 8723 8712 8216 8394 9179 9087 8849 8828 8977 8737 8669 8087 7544 8044 8048 8434 8290 8082 7665 7459 7138 6744 6138 6463
4948 4422 4454 3541 2518 2149 2014 1483 1717 1215 2188 1369 1706 1870 2081 2629 3477 2416 2061 2321 2415 2177 2144 1480 1684 894 1157 1349 879 664 264 1 480 732 1043 714 669 371 603 1100 1042 1261 875 1096 2015 1767 1677 1524 1536 2008 2252 1572 1720 1589 1906 1983 2216 2238 2260 2211 2532 2465 2359 2077 2487 2756 2880 2879 3114 3415 3680 2126 2325 2789 2916 3143 3313 3583 4266 4496 4561 3935 5707 5423 5126 4207 3905 3698 4130 4367 4374 4474 4679 4827 4840 5256 5501 5982 6315 6632 6778 7134 7195 7430 8449 8741 10523 10723 9274 9386 9134 9013 8757 8460 8448 7953 8135 8922 8834 8597 8580 8734 8497 8428 7833 7291 7799 7806 8212 8085 7881 7462 7243 6924 6523 5892 6207
5222 4641 4629 3709 2585 2366 2183 1761 1989 1606 2606 1799 2146 2305 2524 3041 3909 2453 2129 2152 2230 1898 1832 1387 1353 812 831 927 1339 1121 661 480 1 307 667 1181 1117 725 681 926 1467 1633 1221 1219 2406 2135 2031 1856 1587 1977 2252 1108 1240 1123 1476 1520 1743 1796 1829 1799 2086 2052 1999 1790 2203 2423 2564 2594 2833 3153 3471 2009 2240 2734 2822 3115 3313 3623 4311 4539 4565 3878 5741 5442 5128 4158 3805 3564 3953 4196 4170 4109 4437 4578 4577 5050 5227 5713 6082 6392 6564 6951 6987 7176 8167 8438 10196 10447 9020 9159 8926 8794 8532 8220 8177 7722 7958 8762 8701 8471 8480 8657 8432 8363 7697 7169 7719 7739 8221 8147 7956 7529 7275 6962 6540 5808 6059
5525 4935 4914 3994 2847 2664 2474 2067 2294 1904 2900 1939 2291 2442 2668 3144 4029 2706 2396 2317 2385 1995 1903 1609 1426 1067 947 919 1609 1393 948 732 307 1 363 1381 1297 871 676 709 1610 1722 1310 1161 2495 2208 2095 1906 1460 1789 2076 1001 1032 863 1181 1254 1497 1509 1536 1498 1802 1752 1693 1496 1908 2119 2261 2296 2536 2860 3192 1777 2020 2522 2591 2912 3121 3450 4136 4363 4369 3656 5554 5249 4927 3937 3565 3310 3682 3927 3890 3803 4146 4285 4282 4768 4928 5415 5791 6100 6277 6673 6701 6880 7866 8134 9890 10145 8723 8867 8640 8505 8241 7926 7878 7430 7680 8489 8437 8209 8227 8413 8194 8125 7433 6911 7475 7501 8016 7967 7783 7355 7082 6774 6342 5567 5794
5887 5296 5270 4351 3191 3027 2834 2427 2656 2245 3230 2096 2446 2586 2816 3238 4135 3044 2743 2588 2645 2210 2096 1932 1636 1415 1215 1086 1916 1705 1282 1043 667 363 1 1620 1518 1089 779 508 1781 1831 1438 1130 2583 2283 2162 1964 1321 1558 1853 1049 924 668 877 1017 1292 1216 1227 1169 1511 1423 1336 1138 1548 1757 1898 1935 2175 2501 2844 1490 1743 2248 2295 2646 2868 3216 3896 4119 4102 3365 5295 4984 4655 3646 3254 2986 3340 3587 3541 3449 3788 3926 3921 4416 4566 5054 5433 5741 5922 6323 6346 6519 7503 7772 9530 9783 8362 8508 8284 8147 7882 7566 7516 7072 7331 8143 8098 7872 7898 8092 7878 7809 7094 6578 7155 7186 7732 7711 7535 7105 6813 6511 6069 5252 5455
4792 4374 4478 3602 2775 2207 2162 1514 1724 1040 1804 694 1009 1175 1378 1954 2778 2719 2348 2854 2959 2806 2796 1995 2356 1473 1841 2060 532 477 692 714 1181 1381 1620 1 131 532 899 1468 406 719 523 1079 1379 1180 1120 1025 1519 2047 2219 2284 2405 2239 2494 2621 2875 2834 2840 2763 3129 3011 2829 2462 2843 3172 3268 3222 3442 3704 3880 2274 2412 2801 2978 3097 3218 3418 4071 4298 4418 3900 5498 5242 4975 4153 3934 3787 4271 4491 4549 4905 4906 5063 5097 5415 5765 6232 6502 6825 6929 7231 7332 7638 8694 9018 10831 10938 9462 9529 9249 9147 8903 8634 8673 8117 8211 8962 8833 8588 8533 8649 8397 8329 7847 7291 7731 7717 8008 7808 7589 7182 7018 6692 6327 5853 6260
4917 4492 4591 3709 2856 2310 2254 1614 1829 1155 1934 702 1038 1201 1413 1966 2808 2792 2421 2883 2986 2808 2789 2025 2340 1482 1818 2017 651 568 696 669 1117 1297 1518 131 1 431 781 1346 382 660 407 950 1367 1145 1074 959 1393 1920 2097 2225 2326 2148 2388 2526 2785 2730 2732 2652 3024 2898 2708 2336 2715 3047 3142 3094 3313 3574 3750 2144 2284 2677 2852 2977 3102 3309 3967 4195 4309 3780 5398 5138 4868 4036 3811 3661 4143 4364 4420 4779 4776 4933 4967 5287 5635 6102 6374 6696 6802 7106 7205 7509 8565 8888 10701 10809 9333 9402 9123 9021 8776 8506 8544 7989 8087 8841 8714 8470 8418 8538 8287 8219 7728 7172 7618 7606 7909 7719 7502 7094 6921 6596 6226 5736 6137
5145 4662 4721 3816 2846 2413 2306 1724 1955 1360 2256 1079 1428 1584 1806 2317 3185 2755 2393 2691 2785 2538 2496 1849 2029 1265 1499 1648 916 743 555 371 725 871 1089 532 431 1 393 968 746 916 514 769 1685 1422 1325 1163 1225 1725 1947 1827 1902 1718 1962 2095 2355 2303 2308 2234 2598 2482 2314 1971 2365 2674 2781 2752 2979 3259 3480 1889 2065 2505 2651 2842 2998 3251 3929 4159 4238 3641 5370 5092 4802 3908 3633 3449 3905 4135 4165 4407 4496 4649 4672 5042 5339 5813 6117 6437 6564 6898 6976 7244 8282 8591 10392 10545 9080 9173 8908 8796 8544 8259 8271 7746 7892 8666 8563 8322 8293 8435 8193 8124 7566 7018 7504 7504 7880 7737 7530 7112 6905 6583 6190 5603 5951
5517 5013 5054 4142 3113 2746 2616 2070 2304 1741 2649 1318 1668 1809 2039 2481 3372 3004 2654 2814 2897 2579 2510 2011 2031 1416 1512 1571 1309 1129 856 603 681 676 779 899 781 393 1 576 1006 1062 661 543 1829 1537 1421 1231 950 1406 1655 1677 1668 1442 1626 1795 2070 1967 1963 1876 2259 2120 1931 1578 1972 2283 2388 2359 2587 2871 3104 1530 1724 2187 2314 2544 2719 3002 3688 3918 3971 3333 5127 4838 4536 3606 3302 3100 3541 3776 3794 4017 4115 4266 4287 4674 4953 5429 5742 6061 6197 6542 6611 6865 7898 8203 10001 10165 8705 8805 8547 8430 8176 7886 7890 7376 7541 8324 8232 7995 7978 8132 7896 7828 7232 6689 7197 7205 7627 7519 7321 6898 6664 6347 5938 5289 5608
6048 5511 5525 4606 3508 3233 3074 2580 2815 2295 3221 1796 2131 2254 2484 2840 3740 3378 3051 3025 3092 2686 2582 2304 2113 1737 1653 1576 1880 1694 1364 1100 926 709 508 1468 1346 968 576 1 1515 1483 1139 687 2190 1884 1759 1558 815 1082 1372 1556 1400 1112 1158 1391 1684 1489 1465 1356 1769 1587 1364 1004 1402 1708 1814 1792 2023 2317 2585 1084 1318 1817 1897 2204 2413 2744 3430 3656 3661 2956 4846 4541 4220 3236 2880 2643 3048 3289 3282 3442 3579 3728 3741 4164 4403 4883 5218 5533 5685 6053 6104 6331 7351 7647 9439 9624 8174 8290 8044 7920 7661 7362 7349 6856 7057 7855 7784 7552 7556 7732 7507 7438 6780 6249 6793 6814 7310 7259 7076 6647 6374 6066 5634 4883 5145
5036 4668 4798 3940 3164 2562 2538 1878 2076 1372 1986 333 683 839 1061 1588 2443 3115 2744 3256 3360 3190 3171 2397 2720 1863 2196 2381 872 870 1077 1042 1467 1610 1781 406 382 746 1006 1515 1 332 381 963 986 774 716 637 1342 1863 1991 2572 2639 2436 2629 2798 3070 2969 2960 2864 3260 3101 2868 2457 2808 3166 3243 3169 3375 3609 3731 2139 2238 2576 2773 2837 2934 3102 3738 3962 4102 3633 5153 4907 4652 3876 3697 3582 4084 4294 4378 4883 4759 4919 4965 5227 5632 6086 6320 6645 6726 6999 7119 7460 8531 8872 10694 10748 9265 9309 9016 8924 8688 8433 8499 7914 7965 8697 8551 8304 8233 8335 8078 8010 7576 7016 7426 7405 7656 7436 7214 6811 6662 6335 5983 5569 6014
5336 4986 5123 4269 3490 2893 2867 2209 2407 1702 2272 362 656 771 1001 1422 2311 3437 3066 3538 3639 3436 3404 2681 2941 2126 2412 2559 1203 1193 1345 1261 1633 1722 1831 719 660 916 1062 1483 332 1 414 840 776 507 419 308 1135 1633 1727 2715 2730 2498 2634 2837 3119 2969 2947 2836 3251 3060 2790 2351 2672 3049 3109 3015 3209 3420 3504 1939 2008 2308 2517 2547 2630 2784 3413 3636 3782 3336 4824 4580 4330 3573 3416 3319 3831 4033 4132 4739 4528 4689 4743 4969 5406 5851 6063 6388 6456 6714 6843 7204 8281 8631 10455 10480 8994 9027 8728 8641 8408 8162 8243 7642 7672 8393 8241 7993 7917 8014 7755 7688 7271 6709 7108 7084 7326 7105 6883 6480 6331 6004 5654 5260 5722
5309 4896 4997 4115 3241 2716 2653 2019 2235 1561 2295 664 1010 1149 1379 1835 2720 3169 2800 3185 3282 3050 3010 2334 2542 1761 2012 2148 1055 972 1002 875 1221 1310 1438 523 407 514 661 1139 381 414 1 596 1190 914 813 650 1011 1539 1699 2301 2325 2102 2267 2451 2729 2606 2592 2492 2894 2726 2488 2077 2431 2787 2865 2796 3006 3248 3392 1790 1909 2283 2465 2574 2696 2903 3563 3791 3903 3377 4997 4734 4462 3631 3415 3275 3766 3983 4051 4506 4420 4579 4619 4911 5287 5747 6001 6325 6420 6714 6820 7139 8203 8535 10353 10435 8956 9016 8732 8633 8391 8126 8176 7608 7692 8440 8310 8065 8012 8131 7880 7812 7325 6769 7211 7199 7508 7328 7114 6703 6522 6197 5824 5331 5740
5860 5409 5482 4581 3609 3176 3075 2483 2711 2079 2879 1185 1496 1602 1829 2155 3055 3510 3153 3356 3440 3115 3041 2547 2561 1952 2048 2078 1591 1462 1319 1096 1219 1161 1130 1079 950 769 543 687 963 840 596 1 1507 1201 1075 875 459 977 1181 2139 2053 1781 1841 2077 2368 2166 2135 2015 2440 2231 1951 1514 1849 2217 2285 2207 2413 2652 2804 1199 1336 1748 1910 2075 2229 2488 3170 3400 3471 2876 4611 4329 4036 3142 2881 2717 3194 3416 3471 3924 3832 3989 4027 4338 4695 5158 5424 5747 5854 6165 6258 6560 7618 7946 9762 9860 8384 8457 8181 8076 7830 7557 7595 7040 7153 7917 7805 7563 7528 7667 7424 7356 6811 6260 6737 6736 7118 6992 6790 6369 6148 5828 5428 4838 5205
5458 5230 5427 4637 4030 3339 3371 2704 2865 2167 2427 693 505 406 498 655 1554 4005 3638 4230 4336 4175 4154 3372 3699 2847 3172 3332 1734 1802 2061 2015 2406 2495 2583 1379 1367 1685 1829 2190 986 776 1190 1507 1 306 432 633 1639 2027 2007 3490 3494 3250 3347 3572 3860 3673 3640 3516 3945 3723 3411 2945 3209 3606 3636 3508 3671 3826 3808 2382 2370 2526 2765 2655 2662 2700 3235 3439 3650 3374 4560 4358 4157 3569 3528 3511 4044 4214 4365 5218 4797 4959 5034 5139 5677 6087 6221 6541 6559 6746 6917 7348 8439 8818 10632 10548 9069 9050 8725 8663 8450 8241 8379 7724 7653 8316 8121 7871 7754 7808 7537 7472 7193 6630 6941 6894 7002 6706 6471 6090 6004 5677 5378 5185 5738
5519 5242 5415 4596 3908 3258 3264 2597 2775 2067 2457 550 541 536 715 958 1857 3870 3499 4028 4131 3941 3910 3169 3448 2624 2919 3061 1599 1633 1840 1767 2135 2208 2283 1180 1145 1422 1537 1884 774 507 914 1201 306 1 127 327 1347 1760 1768 3206 3197 2950 3041 3268 3557 3367 3335 3211 3639 3419 3111 2648 2921 3316 3351 3229 3399 3568 3577 2108 2115 2311 2543 2475 2509 2590 3167 3380 3566 3225 4535 4314 4092 3436 3354 3311 3841 4021 4157 4947 4580 4742 4811 4953 5461 5883 6042 6364 6399 6611 6768 7176 8264 8634 10454 10407 8923 8922 8607 8535 8315 8092 8211 7573 7538 8225 8046 7796 7695 7766 7500 7434 7100 6536 6882 6844 7009 6747 6517 6125 6011 5683 5361 5086 5606
5558 5262 5424 4593 3873 3241 3236 2571 2756 2048 2490 544 611 633 827 1082 1982 3828 3457 3955 4057 3853 3819 3098 3353 2545 2823 2957 1567 1585 1763 1677 2031 2095 2162 1120 1074 1325 1421 1759 716 419 813 1075 432 127 1 201 1225 1649 1669 3094 3078 2828 2916 3144 3433 3241 3208 3084 3513 3293 2985 2523 2800 3193 3231 3111 3284 3458 3477 1993 2007 2221 2449 2400 2444 2543 3136 3353 3528 3160 4519 4291 4060 3377 3279 3225 3752 3937 4066 4831 4485 4647 4714 4871 5367 5793 5961 6285 6326 6548 6699 7098 8185 8551 10373 10340 8855 8861 8549 8474 8251 8023 8135 7504 7483 8178 8006 7756 7662 7740 7476 7410 7053 6490 6850 6816 7003 6756 6529 6133 6006 5678 5347 5039 5546
5597 5270 5415 4568 3798 3197 3174 2515 2711 2005 2527 565 734 790 1000 1283 2182 3743 3372 3824 3923 3699 3658 2969 3189 2404 2659 2779 1508 1499 1631 1524 1856 1906 1964 1025 959 1163 1231 1558 637 308 650 875 633 327 201 1 1045 1493 1539 2907 2882 2630 2715 2944 3233 3041 3008 2885 3313 3095 2792 2332 2618 3009 3051 2937 3116 3301 3342 1827 1859 2106 2327 2313 2377 2507 3124 3345 3502 3089 4528 4288 4044 3317 3189 3116 3638 3830 3947 4660 4358 4520 4581 4766 5239 5672 5859 6183 6237 6476 6616 6998 8081 8441 10265 10257 8771 8790 8484 8404 8176 7939 8037 7419 7423 8132 7971 7722 7639 7729 7468 7401 7008 6446 6828 6800 7025 6800 6577 6175 6030 5703 5357 4995 5478
6309 5867 5940 5039 4053 3634 3530 2942 3170 2534 3305 1497 1758 1832 2044 2246 3126 3949 3596 3739 3816 3453 3363 2955 2886 2362 2394 2368 2040 1919 1769 1536 1587 1460 1321 1519 1393 1225 950 815 1342 1135 1011 459 1639 1347 1225 1045 1 529 723 2370 2203 1903 1849 2129 2423 2141 2088 1945 2386 2127 1786 1312 1575 1969 2007 1895 2080 2285 2389 805 900 1291 1459 1618 1778 2053 2739 2969 3025 2418 4178 3890 3590 2684 2425 2269 2756 2974 3042 3620 3418 3577 3624 3901 4290 4745 4991 5315 5412 5714 5813 6129 7195 7532 9352 9425 7946 8010 7731 7629 7385 7117 7167 6599 6698 7459 7346 7104 7070 7211 6969 6901 6352 5801 6280 6280 6679 6571 6376 5951 5715 5398 4990 4380 4750
6835 6382 6445 5538 4515 4136 4019 3449 3679 3055 3833 1993 2225 2278 2474 2578 3417 4401 4056 4105 4173 3763 3653 3363 3189 2780 2734 2643 2566 2437 2254 2008 1977 1789 1558 2047 1920 1725 1406 1082 1863 1633 1539 977 2027 1760 1649 1493 529 1 297 2578 2329 2016 1837 2150 2431 2071 1996 1837 2270 1965 1573 1101 1238 1641 1640 1492 1645 1810 1872 367 376 783 934 1143 1337 1663 2348 2575 2589 1927 3768 3467 3152 2201 1909 1742 2228 2446 2516 3192 2899 3059 3110 3373 3775 4224 4463 4787 4884 5189 5285 5602 6670 7010 8832 8897 7418 7483 7206 7102 6857 6589 6640 6071 6177 6944 6838 6599 6574 6726 6491 6422 5841 5294 5792 5799 6246 6179 5995 5567 5300 4989 4564 3885 4231
7008 6583 6662 5762 4767 4357 4252 3664 3891 3247 3975 2076 2269 2300 2480 2507 3310 4658 4309 4390 4460 4056 3948 3636 3482 3049 3022 2938 2747 2635 2490 2252 2252 2076 1853 2219 2097 1947 1655 1372 1991 1727 1699 1181 2007 1768 1669 1539 723 297 1 2874 2622 2309 2113 2430 2706 2331 2251 2089 2515 2199 1794 1337 1406 1802 1774 1601 1720 1831 1810 554 401 586 791 895 1066 1375 2062 2290 2319 1696 3489 3192 2883 1962 1716 1593 2106 2307 2410 3250 2820 2982 3046 3243 3701 4134 4337 4661 4736 5016 5129 5477 6555 6908 8732 8758 7275 7322 7034 6938 6699 6443 6517 5923 5993 6745 6626 6384 6347 6489 6248 6179 5635 5082 5557 5559 5977 5897 5709 5282 5024 4711 4291 3657 4041
5654 4961 4846 3961 2716 2839 2584 2429 2615 2484 3478 2905 3253 3410 3631 4134 5011 2535 2333 1804 1827 1304 1153 1451 784 1238 721 350 2359 2146 1681 1572 1108 1001 1049 2284 2225 1827 1677 1556 2572 2715 2301 2139 3490 3206 3094 2907 2370 2578 2874 1 433 660 1093 886 930 1246 1335 1410 1456 1607 1792 1868 2207 2237 2410 2532 2755 3100 3536 2449 2708 3207 3209 3608 3846 4212 4880 5097 5046 4267 6242 5922 5583 4547 4107 3801 4063 4309 4201 3663 4352 4468 4429 5034 5018 5503 5958 6241 6474 6931 6901 6965 7856 8065 9721 10107 8771 8976 8797 8639 8366 8023 7899 7560 7927 8757 8762 8552 8621 8849 8658 8590 7774 7292 7923 7975 8613 8649 8487 8057 7733 7443 6985 6059 6153
6063 5380 5273 4384 3142 3227 2981 2771 2970 2763 3769 2966 3318 3467 3694 4148 5040 2963 2750 2231 2249 1713 1553 1866 1214 1584 1106 752 2568 2350 1881 1720 1240 1032 924 2405 2326 1902 1668 1400 2639 2730 2325 2053 3494 3197 3078 2882 2203 2329 2622 433 1 314 679 454 544 814 903 982 1035 1175 1375 1502 1813 1815 1989 2120 2339 2683 3131 2152 2410 2895 2873 3295 3540 3919 4572 4783 4711 3916 5903 5579 5236 4192 3737 3422 3660 3905 3786 3238 3926 4040 3999 4612 4586 5070 5527 5810 6044 6505 6471 6533 7428 7641 9309 9682 8340 8543 8365 8207 7934 7591 7469 7128 7498 8329 8339 8131 8206 8440 8253 8186 7353 6878 7518 7573 8237 8299 8145 7715 7376 7092 6628 5666 5738
6151 5495 5413 4510 3284 3291 3060 2781 2993 2710 3717 2756 3108 3250 3480 3905 4802 3113 2871 2451 2480 1963 1812 1993 1430 1625 1213 906 2461 2243 1783 1589 1123 863 668 2239 2148 1718 1442 1112 2436 2498 2102 1781 3250 2950 2828 2630 1903 2016 2309 660 314 1 459 398 637 708 769 799 983 1030 1147 1212 1548 1598 1768 1879 2106 2450 2879 1841 2099 2587 2571 2987 3231 3608 4264 4477 4410 3621 5604 5281 4940 3899 3452 3143 3405 3651 3548 3126 3715 3836 3805 4390 4411 4899 5335 5626 5847 6293 6274 6367 7291 7522 9225 9559 8189 8377 8185 8032 7761 7425 7324 6951 7293 8120 8116 7904 7967 8192 7999 7931 7124 6638 7265 7315 7957 8005 7848 7418 7085 6798 6337 5399 5499
6596 5948 5870 4966 3742 3730 3505 3195 3413 3081 4080 2930 3274 3403 3634 3996 4895 3572 3327 2896 2919 2390 2231 2451 1875 2063 1670 1363 2784 2570 2129 1906 1476 1181 877 2494 2388 1962 1626 1158 2629 2634 2267 1841 3347 3041 2916 2715 1849 1837 2113 1093 679 459 1 324 594 342 355 344 636 588 699 864 1139 1146 1318 1442 1663 2007 2452 1593 1841 2300 2248 2691 2943 3333 3965 4169 4075 3268 5261 4934 4589 3541 3075 2754 2981 3226 3110 2682 3263 3381 3348 3942 3952 4440 4878 5168 5391 5841 5818 5908 6836 7071 8785 9106 7732 7918 7727 7574 7302 6966 6867 6493 6839 7668 7670 7460 7530 7762 7574 7507 6681 6201 6839 6895 7567 7644 7497 7068 6717 6438 5970 4989 5062
6501 5826 5725 4832 3593 3652 3412 3163 3372 3106 4113 3112 3461 3598 3829 4225 5125 3415 3196 2677 2690 2147 1980 2313 1665 1993 1543 1200 2857 2639 2180 1983 1520 1254 1017 2621 2526 2095 1795 1391 2798 2837 2451 2077 3572 3268 3144 2944 2129 2150 2430 886 454 398 324 1 295 361 451 548 601 723 963 1184 1435 1386 1562 1709 1918 2259 2723 1915 2164 2622 2568 3013 3266 3656 4286 4489 4390 3580 5573 5246 4899 3851 3378 3051 3254 3496 3364 2789 3486 3596 3552 4176 4134 4618 5078 5359 5597 6062 6023 6080 6976 7192 8872 9233 7887 8090 7913 7755 7481 7138 7016 6675 7053 7885 7901 7696 7779 8019 7838 7772 6920 6452 7102 7163 7858 7949 7805 7377 7020 6744 6274 5270 5313
6583 5886 5761 4884 3636 3762 3511 3314 3513 3299 4306 3387 3737 3877 4108 4514 5413 3452 3261 2649 2648 2092 1917 2380 1665 2127 1638 1274 3081 2863 2397 2216 1743 1497 1292 2875 2785 2355 2070 1684 3070 3119 2729 2368 3860 3557 3433 3233 2423 2431 2706 930 544 637 594 295 1 460 567 713 557 805 1135 1428 1630 1516 1691 1861 2051 2384 2868 2182 2425 2870 2800 3255 3510 3904 4521 4719 4605 3788 5779 5450 5102 4054 3570 3235 3397 3635 3481 2754 3566 3665 3610 4265 4164 4642 5123 5394 5648 6129 6071 6091 6952 7148 8792 9191 7876 8097 7936 7771 7496 7146 7001 6697 7109 7942 7976 7778 7876 8128 7957 7891 7006 6554 7221 7290 8018 8136 8000 7574 7203 6935 6460 5418 5418
6851 6183 6084 5190 3952 3996 3760 3487 3700 3399 4402 3269 3611 3739 3969 4319 5217 3775 3553 3033 3043 2495 2326 2670 2024 2331 1897 1559 3116 2901 2454 2238 1796 1509 1216 2834 2730 2303 1967 1489 2969 2969 2606 2166 3673 3367 3241 3041 2141 2071 2331 1246 814 708 342 361 460 1 108 261 296 367 676 1012 1176 1061 1237 1402 1597 1933 2412 1789 2022 2445 2361 2823 3079 3475 4080 4274 4153 3333 5322 4994 4645 3597 3111 2775 2941 3181 3034 2432 3139 3245 3198 3833 3776 4259 4722 5001 5243 5712 5668 5720 6616 6835 8522 8875 7526 7730 7554 7395 7121 6777 6655 6316 6700 7532 7554 7352 7441 7687 7511 7445 6577 6116 6776 6841 7560 7676 7541 7115 6743 6476 6000 4962 4978
